2 0.913210 0.262539 0.132826 0.386992
2 0.107272 0.265420 0.132956 0.385059
2 0.432493 0.768672 0.136654 0.367813
2 0.558294 0.768672 0.130260 0.360156
2 0.685371 0.770586 0.123893 0.348672
2 0.818190 0.765791 0.126432 0.350566
2 0.941341 0.773457 0.117318 0.362070
2 0.297122 0.769531 0.141771 0.358437
2 0.053822 0.763789 0.102174 0.362266
2 0.166855 0.768574 0.136654 0.341172
2 0.243353 0.257744 0.149414 0.377402
2 0.376178 0.258701 0.144310 0.383145
2 0.514746 0.267334 0.135378 0.381230
2 0.644375 0.263496 0.131536 0.381211
2 0.780417 0.270205 0.135313 0.379316
